$rats                               0.0             5.0             0.03125         0.030303001     34.0           
1-2-3                               0.0             2.0             0.038461566     0.0714286       28.0           
1-2-3-4                             0.0             3.0             0.03571427      0.09677422      31.0           
101                                 0.0             4.0             0.125           0.111111104     80.0           
4 boats                             0.0             1.0             0.25            0.19999999      20.0           
4-8-12 diamond                      43.0            0.0             0.44444442      0.4285714       52.0           
a for all                           0.0             5.0             0.1428572       0.125           32.0           
achim's p144                        0.0             143.0           0.33333337      0.28125         96.0           
achim's p16                         0.0             15.0            0.4545455       0.28571427      64.0           
achim's p4                          0.0             3.0             0.049999952     0.13043481      46.0           
achim's p8                          0.0             7.0             0.29999995      0.3076923       26.0           
acorn                               70.0            0.0             0.5             0.36666667      45.0           
aircraft carrier                    0.0             0.0             0.0             0.0             6.0            
airforce                            0.0             6.0             0.047619104     0.04545456      46.0           
ak47 reaction                       53.0            2.0             0.6666666       0.33928573      59.0           
almosymmetric                       0.0             1.0             0.0             0.0             17.0           
ants                                23.0            0.0             0.33333337      0.6666666       72.0           
anvil                               64.0            0.0             0.516129        0.4680851       47.0           
ark                                 622.0           1.0             0.22580647      0.25333333      297.0          
average                             0.0             4.0             0.02439022      0.023809552     43.0           
b-52 bomber                         37.0            207.0           0.18867922      0.19999999      140.0          
b-heptomino                         16.0            0.0             0.28571427      0.39999998      18.0           
b29                                 46.0            1.0             0.28571427      0.39999998      36.0           
babbling brook                      0.0             3.0             0.04347825      0.07999998      50.0           
backrake                            596.0           1.0             0.34375         0.31782943      226.0          
baker                               16.0            0.0             0.22222221      0.111111104     29.0           
baker's dozen                       0.0             11.0            0.22500002      0.18367344      49.0           
bakery                              0.0             0.0             0.0             0.0             28.0           
barge                               0.0             0.0             0.0             0.0             6.0            
beacon                              0.0             1.0             0.33333337      0.25            8.0            
beacon maker                        25.0            1.0             0.31818187      0.32258064      31.0           
beehive                             0.0             0.0             0.0             0.0             6.0            
beehive and dock                    0.0             0.0             0.0             0.0             16.0           
beehive with tail                   0.0             0.0             0.0             0.0             10.0           
bent keys                           0.0             2.0             0.25            0.111111104     20.0           
bi-block                            0.0             0.0             0.0             0.0             8.0            
bi-loaf                             107.0           1.0             0.5333333       0.39285713      65.0           
bi-pond                             0.0             0.0             0.0             0.0             16.0           
biclock                             24.0            0.0             0.33333337      0.25            12.0           
big glider                          157.0           0.0             0.45161295      0.4222222       98.0           
big s                               0.0             0.0             0.0             0.0             14.0           
bipole                              0.0             1.0             0.0             0.0             8.0            
biting off more than they can chew  0.0             2.0             0.18181813      0.15384614      26.0           
blinker                             0.0             1.0             0.0             0.0             3.0            
blinker puffer                      144.0           1.0             0.33962262      0.4366197       142.0          
blinker ship                        248.0           1.0             0.43589747      0.39130437      144.0          
blinkers                            0.0             1.0             0.0             0.0             12.0           
blinkers bit pole                   0.0             1.0             0.0             0.0             15.0           
block                               0.0             0.0             0.0             0.0             4.0            
block and dock                      0.0             0.0             0.0             0.0             14.0           
block and glider                    17.0            0.0             0.6153846       0.38461536      21.0           
block on table                      0.0             0.0             0.0             0.0             10.0           
block pusher                        68.0            0.0             0.3703704       0.3333333       37.0           
block+boat+beehive                  0.0             0.0             0.0             0.0             15.0           
blockade                            0.0             0.0             0.0             0.0             16.0           
blocker                             0.0             7.0             0.20000005      0.16666669      18.0           
blom                                146.0           0.0             0.5555556       0.4285714       78.0           
blonker                             0.0             5.0             0.19047618      0.19230771      26.0           
boat                                0.0             0.0             0.0             0.0             5.0            
boat maker                          25.0            0.0             0.51851857      0.26923078      53.0           
boat-bit                            104.0           0.0             0.11538458      0.2352941       29.0           
boat-tie                            0.0             0.0             0.0             0.0             10.0           
boojum reflector                    233.0           0.0             0.13953483      0.1512605       124.0          
bookend                             16.0            0.0             0.41666663      0.45            21.0           
bookends                            0.0             0.0             0.0             0.0             14.0           
boss                                0.0             3.0             0.09523809      0.125           48.0           
bottle                              0.0             7.0             0.27272725      0.3333333       120.0          
brain                               58.0            0.0             0.5             1.0             74.0           
buckaroo                            76.0            29.0            0.26666665      0.2702703       41.0           
bullet heptomino                    10.0            0.0             0.6666666       1.0             20.0           
bun                                 14.0            0.0             0.75            1.0             22.0           
bunnies                             124.0           0.0             0.65            0.5454545       62.0           
burloaferimeter                     0.0             6.0             0.03571427      0.034482777     30.0           
butterfly                           23.0            1.0             0.33333337      0.3             24.0           
by flops                            0.0             1.0             0.0             0.0             13.0           
c-heptomino                         16.0            0.0             0.28571427      0.39999998      18.0           
canada goose                        55.0            0.0             0.33333337      0.38461536      40.0           
candelabra                          0.0             2.0             0.07142854      0.06666666      30.0           
candlefrobra                        883.0           1.0             0.41666663      0.37383175      211.0          
canoe                               0.0             0.0             0.0             0.0             8.0            
cap                                 18.0            0.0             0.5             1.0             24.0           
carnival shuttle                    0.0             11.0            0.10344827      0.102941155     68.0           
caterer                             0.0             2.0             0.25            0.25            16.0           
caterpillar                         296.0           1.0             0.34782612      0.34653467      160.0          
cauldron                            0.0             7.0             0.125           0.058823526     36.0           
centinal                            0.0             99.0            0.20338988      0.19607842      142.0          
century                             17.0            0.0             0.41666663      0.45            21.0           
chemist                             0.0             4.0             0.041666627     0.04000002      50.0           
cheshire cat                        7.0             0.0             0.7777778       0.75            32.0           
chicken wire                        45.0            0.0             0.6666666       0.36666667      46.0           
cis fuse with two tails             0.0             0.0             0.0             0.0             12.0           
cis-beacon on anvil                 0.0             1.0             0.105263114     0.09523809      21.0           
cis-beacon on table                 0.0             1.0             0.16666663      0.14285713      14.0           
cis-boat with tail                  0.0             0.0             0.0             0.0             9.0            
cis-mirrored r-bee                  0.0             0.0             0.0             0.0             14.0           
clock                               0.0             1.0             0.0             0.0             6.0            
clock ii                            0.0             3.0             0.0             0.0             35.0           
coe ship                            72.0            1.0             0.34782612      0.5             47.0           
coe's p8                            0.0             7.0             0.17647064      0.10526317      20.0           
colour of a glider                  11.0            0.0             0.33333337      0.25            5.0            
conduit                             89.0            1.0             0.6818181       0.3888889       44.0           
confused eaters                     0.0             3.0             0.100000024     0.090909064     22.0           
converter                           29.0            7.0             0.5333333       0.42253524      82.0           
cordership                          820.0           1.0             0.15789473      0.17676765      405.0          
cousins                             0.0             2.0             0.0625          0.030303001     34.0           
cover                               8.0             0.0             0.25            1.0             10.0           
cow                                 911.0           1.0             0.42857146      0.35555553      254.0          
crane                               92.0            1.0             0.36666667      0.3703704       59.0           
cross                               41.0            1.0             0.26315784      0.34615386      92.0           
crowd                               0.0             2.0             0.0869565       0.11538464      52.0           
crown                               0.0             11.0            0.20634925      0.20253164      81.0           
crystal                             15.0            0.0             0.111111164     0.4285714       11.0           
cuphook                             33.0            1.0             0.32142854      0.34210527      48.0           
dart                                41.0            0.0             0.22580647      1.0             40.0           
dead spark coil                     0.0             0.0             0.0             0.0             18.0           
diamond ring                        0.0             2.0             0.100000024     0.16666669      48.0           
diehard                             107.0           0.0             0.6666666       0.44            36.0           
dinner table                        0.0             11.0            0.11764705      0.13157892      38.0           
diuresis                            0.0             89.0            0.16783214      0.19161677      169.0          
do-see-do                           369.0           45.0            0.3728814       0.39506173      123.0          
dock                                7.0             0.0             0.20000005      1.0             12.0           
double block reaction               22.0            0.0             0.375           0.35000002      33.0           
double caterer                      0.0             2.0             0.10769236      0.125           72.0           
double ewe                          0.0             2.0             0.111111164     0.15625         64.0           
dove                                13.0            0.0             0.3571428       0.42105263      19.0           
dragon                              261.0           0.0             0.38297868      0.42307693      140.0          
e-heptomino                         11.0            0.0             0.5             0.57142854      21.0           
eater                               10.0            0.0             0.3076923       0.2352941       19.0           
eater plug                          0.0             1.0             0.1428572       0.125           16.0           
eater/block frob                    0.0             3.0             0.20000005      0.090909064     24.0           
eater1                              0.0             0.0             0.0             0.0             7.0            
eater2                              0.0             0.0             0.0             0.0             38.0           
eater3                              0.0             0.0             0.0             0.0             31.0           
eater4                              0.0             0.0             0.0             0.0             40.0           
ecologist                           79.0            1.0             0.31034482      0.26229507      72.0           
edge shooter                        62.0            91.0            0.2777778       0.3405797       147.0          
edge-repair spaceship               1085.0          1.0             0.21511626      0.2040134       338.0          
electric fence                      0.0             4.0             0.01015234      0.014999986     200.0          
elevener                            0.0             0.0             0.0             0.0             11.0           
elkies' p5                          0.0             4.0             0.18181813      0.19230771      26.0           
en retard                           0.0             2.0             0.049999952     0.02439022      42.0           
enterprise                          200.0           0.0             0.4545455       0.375           77.0           
eureka                              0.0             29.0            0.35000002      0.35714287      56.0           
extremely impressive                0.0             5.0             0.06666672      0.032258093     32.0           
f-heptomino                         37.0            0.0             0.4736842       1.0             28.0           
factory                             62.0            287.0           0.24752474      0.2063492       162.0          
fast forward force field            76.0            0.0             0.42857146      0.5             40.0           
figure-8                            0.0             7.0             0.5             0.3076923       26.0           
filter                              56.0            3.0             0.111111164     0.13114756      146.0          
fire-spitting                       0.0             2.0             0.15789473      0.17391306      23.0           
fleet                               0.0             0.0             0.0             0.0             24.0           
flotilla                            43.0            1.0             0.38888884      0.35714287      68.0           
fly                                 662.0           1.0             0.24770641      0.325           365.0          
fore and back                       0.0             1.0             0.0             0.0             24.0           
fountain                            0.0             3.0             0.111111164     0.13698632      73.0           
fourteener                          0.0             0.0             0.0             0.0             14.0           
fox                                 0.0             1.0             0.0             0.0             12.0           
french kiss                         0.0             2.0             0.111111164     0.100000024     20.0           
frog ii                             0.0             2.0             0.06666672      0.042553186     48.0           
frothing puffer                     180.0           0.0             0.35135138      0.5526316       223.0          
fumarole                            0.0             4.0             0.22222221      0.18181819      22.0           
gabriel's p138                      76.0            0.0             0.6428572       0.5             132.0          
garden of eden                      23.0            1.0             0.36363637      0.5             80.0           
germ                                0.0             2.0             0.0625          0.08823532      34.0           
glasses                             0.0             1.0             0.111111164     0.100000024     60.0           
glider                              11.0            0.0             0.33333337      0.25            5.0            
glider                              11.0            0.0             0.33333337      0.25            5.0            
glider duplicator                   152.0           59.0            0.17333329      0.2162162       96.0           
glider gun                          89.0            59.0            0.27083337      0.3114754       80.0           
glider pusher                       76.0            29.0            0.6590909       0.34246576      74.0           
glider synthesis                    40.0            0.0             1.2222223       1.0             40.0           
glider turner                       122.0           1.0             0.362069        0.2631579       79.0           
glider-block cycle                  29.0            0.0             0.28571427      0.22222221      24.0           
gliderless                          1304.0          1.0             0.24056602      0.22648084      339.0          
gliders by the dozen                17.0            0.0             0.5             0.3333333       40.0           
gosper glider gun                   55.0            59.0            0.27083337      0.3114754       75.0           
gourmet                             0.0             31.0            0.029850721     0.0958904       73.0           
gray counter                        0.0             3.0             0.07692313      0.0714286       30.0           
great on-off                        0.0             1.0             0.111111164     0.100000024     20.0           
grin                                1.0             0.0             0.0             0.0             4.0            
grow-by-one object                  144.0           1.0             0.2028985       0.22784811      107.0          
h-heptomino                         27.0            0.0             0.44444442      0.4375          25.0           
hammer                              50.0            2.0             0.75            0.36842108      36.0           
hammerhead                          92.0            1.0             0.4545455       0.35897434      92.0           
handshake                           18.0            1.0             0.5             0.6             32.0           
harbor                              0.0             4.0             0.25            0.19999999      80.0           
harvester                           17.0            0.0             0.31818187      0.20689654      29.0           
hat                                 0.0             0.0             0.0             0.0             9.0            
hebdarole                           0.0             6.0             0.15533984      0.10084033      119.0          
hectic                              0.0             29.0            0.37209308      0.3272727       118.0          
heisenburp device                   33.0            0.0             0.2352941       0.3333333       27.0           
helix                               270.0           1.0             0.21428573      0.3179487       254.0          
heptapole                           0.0             1.0             0.0             0.0             13.0           
herschel                            18.0            0.0             0.72727275      1.0             19.0           
herschel receiver                   482.0           0.0             0.20000005      0.22340423      109.0          
herschel transmitter                95.0            0.0             0.2162162       0.19672132      61.0           
hertz oscillator                    0.0             7.0             0.08571434      0.05405408      38.0           
hexapole                            0.0             1.0             0.0             0.0             12.0           
hivenudger                          682.0           1.0             0.24770641      0.25409836      247.0          
honey farm                          0.0             0.0             0.0             0.0             24.0           
honeycomb                           0.0             0.0             0.0             0.0             12.0           
hook with tail                      0.0             0.0             0.0             0.0             8.0            
houndstooth agar                    10.0            0.0             0.6666666       1.0             20.0           
house                               19.0            0.0             0.5333333       0.34210527      38.0           
hustler                             0.0             2.0             0.13333333      0.0625          34.0           
hustler ii                          0.0             3.0             0.09523809      0.125           48.0           
hw emulator                         0.0             3.0             0.17647064      0.14999998      40.0           
hw volcano                          0.0             4.0             0.060240984     0.04545456      176.0          
hwss                                17.0            0.0             0.38461542      1.0             18.0           
i-heptomino                         27.0            0.0             0.44444442      0.4375          25.0           
infinite growth                     636.0           1.0             0.5490196       0.2830189       244.0          
inline inverter                     86.0            59.0            0.27083337      0.3114754       75.0           
integral sign                       0.0             0.0             0.0             0.0             9.0            
interchange                         0.0             1.0             0.0             0.0             18.0           
iwona                               256.0           1.0             0.31578946      0.27433628      132.0          
jack                                0.0             3.0             0.047619104     0.0869565       46.0           
jam                                 0.0             2.0             0.1428572       0.1875          16.0           
jolson                              0.0             14.0            0.5             0.23333335      69.0           
justyna                             430.0           1.0             0.4324324       0.3181818       150.0          
kickback reaction                   33.0            0.0             0.33333337      0.28571427      12.0           
killer toads                        9.0             1.0             0.27999997      0.34375         32.0           
kok's galaxy                        0.0             7.0             0.6             0.4375          64.0           
lake                                0.0             0.0             0.0             0.0             24.0           
laputa                              0.0             1.0             0.0             0.0             32.0           
lidka                               283.0           1.0             0.45833337      0.24285716      187.0          
light bulb                          42.0            0.0             0.42857146      0.36764705      68.0           
lightspeed wire                     152.0           0.0             0.33333337      0.38235295      271.0          
loading dock                        0.0             2.0             0.09090912      0.08333331      24.0           
loaf                                0.0             0.0             0.0             0.0             7.0            
loaf siamese barge                  0.0             0.0             0.0             0.0             10.0           
loaflipflop                         0.0             14.0            0.61728394      0.39694655      131.0          
long barge                          0.0             0.0             0.0             0.0             8.0            
long boat                           0.0             0.0             0.0             0.0             7.0            
long bookend                        33.0            0.0             0.6923077       0.4285714       22.0           
long canoe                          0.0             0.0             0.0             0.0             9.0            
long integral                       0.0             0.0             0.0             0.0             10.0           
long long barge                     0.0             0.0             0.0             0.0             10.0           
long long boat                      0.0             0.0             0.0             0.0             9.0            
long long canoe                     0.0             0.0             0.0             0.0             10.0           
long long ship                      0.0             0.0             0.0             0.0             10.0           
long long snake                     0.0             0.0             0.0             0.0             8.0            
long shillelagh                     0.0             0.0             0.0             0.0             9.0            
long ship                           0.0             0.0             0.0             0.0             8.0            
long snake                          0.0             0.0             0.0             0.0             7.0            
loop                                0.0             0.0             0.0             0.0             10.0           
lw emulator                         0.0             3.0             0.13333333      0.11764705      34.0           
lwss                                23.0            0.0             0.33333337      0.36363637      12.0           
mango                               0.0             0.0             0.0             0.0             8.0            
mathematician                       0.0             4.0             0.028571486     0.05405408      38.0           
mazing                              0.0             3.0             0.5             0.3333333       18.0           
metamorphosis                       134.0           45.0            0.40983605      0.4102564       93.0           
metamorphosis ii                    125.0           0.0             0.326087        0.34545457      78.0           
mickey mouse                        0.0             0.0             0.0             0.0             26.0           
mini pressure cooker                0.0             2.0             0.07142854      0.09677422      31.0           
mold                                0.0             3.0             0.16666663      0.14285713      14.0           
monogram                            0.0             3.0             0.0             0.0             18.0           
moose antlers                       0.0             0.0             0.0             0.0             15.0           
multum in parvo                     41.0            0.0             0.6666666       1.0             30.0           
muttering moat                      0.0             1.0             0.0             0.0             15.0           
mw emulator                         0.0             3.0             0.15625         0.13513511      37.0           
mw volcano                          0.0             4.0             0.19148934      0.096153855     56.0           
mwss                                41.0            0.0             0.75            0.5454545       28.0           
mwss out of the blue                1151.0          5.0             0.3577236       0.32894737      283.0          
negentropy                          0.0             1.0             0.0             0.0             36.0           
new five                            0.0             2.0             0.06666672      0.09375         32.0           
new gun                             35.0            91.0            0.21276593      0.3247863       132.0          
noah's ark                          168.0           1.0             0.78947365      0.5918367       120.0          
non-monotonic                       75.0            0.0             0.27999997      0.43137252      81.0           
o-pentomino                         8.0             1.0             0.79999995      0.39999998      20.0           
octagon ii                          0.0             4.0             0.5             0.3333333       24.0           
octagon iv                          0.0             3.0             0.6             0.375           64.0           
octogon                             0.0             4.0             0.5             0.3333333       24.0           
octomino                            25.0            0.0             0.4545455       1.0             22.0           
odd keys                            0.0             2.0             0.3125          0.14285713      21.0           
onion rings                         12.0            1.0             0.64705884      0.64285713      100.0          
orion                               117.0           0.0             0.36            0.3             79.0           
p-pentomino                         4.0             0.0             0.0             1.0             5.0            
p54 shuttle                         0.0             53.0            0.23684216      0.19148934      94.0           
p6 shuttle                          0.0             5.0             0.08823526      0.13513511      74.0           
paperclip                           0.0             0.0             0.0             0.0             14.0           
pedestle                            0.0             4.0             0.07692313      0.10344827      58.0           
penny lane                          0.0             3.0             0.057142854     0.08108109      37.0           
pentadecathlon                      0.0             14.0            1.2222223       0.55            40.0           
pentant                             0.0             4.0             0.10344827      0.125           32.0           
pentapole                           0.0             1.0             0.0             0.0             11.0           
pentoad                             0.0             4.0             0.27272725      0.28571427      28.0           
phase change                        358.0           1.0             0.19696975      0.18324608      229.0          
phi                                 9.0             0.0             0.75            1.0             14.0           
phoenix                             0.0             1.0             0.0             0.0             12.0           
pi orbital                          0.0             167.0           0.16013074      0.16208792      389.0          
pi portraitor                       0.0             31.0            0.21848738      0.18493152      147.0          
pi ship                             71.0            0.0             0.5333333       1.0             81.0           
pi wave                             316.0           1.0             0.5333333       0.28571427      366.0          
pi-heptomino                        10.0            0.0             0.33333337      0.16666669      16.0           
pi-heptomino                        10.0            0.0             0.33333337      0.16666669      16.0           
pinwheel                            0.0             3.0             0.0             0.0             35.0           
pipsquirter                         0.0             5.0             0.059999943     0.05660379      53.0           
piston                              0.0             1.0             0.0             0.0             23.0           
pond                                0.0             0.0             0.0             0.0             8.0            
pond on pond                        0.0             0.0             0.0             0.0             16.0           
popover                             0.0             31.0            0.22727275      0.1791045       138.0          
pre-beehive                         1.0             0.0             0.0             0.0             6.0            
pre-block                           1.0             0.0             0.33333337      0.0             4.0            
pre-pulsar                          71.0            0.0             0.75            0.41176468      92.0           
pressure cooker                     0.0             2.0             0.09090912      0.1081081       37.0           
protein                             0.0             2.0             0.04878044      0.069767416     43.0           
pseudo-barberpole                   0.0             4.0             0.4705882       0.32            25.0           
puff suppressor                     119.0           1.0             0.53125         0.6122449       204.0          
puffer                              105.0           1.0             0.40909088      0.28571427      132.0          
puffer train                        247.0           1.0             0.4705882       0.45238096      102.0          
pulsar                              0.0             2.0             0.28571427      0.3333333       72.0           
pulsar quadrant                     0.0             2.0             0.111111164     0.18181819      22.0           
pulse divider                       92.0            4.0             0.19780219      0.15384614      109.0          
pulshuttle v                        0.0             29.0            0.6203208       0.5181518       303.0          
pure glider generator               69.0            0.0             0.46153843      0.36842108      52.0           
pushalong                           234.0           0.0             0.45000005      0.32            73.0           
pyrotechnecium                      0.0             7.0             0.049999952     0.090909064     44.0           
q-pentomino                         19.0            0.0             0.5833334       0.36842108      19.0           
quad                                0.0             1.0             0.0             0.0             16.0           
quadpole                            0.0             1.0             0.0             0.0             10.0           
quarter                             127.0           0.0             0.43636358      0.36708862      79.0           
quasar                              0.0             2.0             0.28571427      0.3333333       216.0          
queen bee shuttle                   0.0             29.0            0.38461542      0.30555558      36.0           
r-pentomino                         19.0            0.0             0.6363636       1.0             18.0           
r2d2                                0.0             7.0             0.034482718     0.03333336      31.0           
rabbits                             176.0           0.0             0.54999995      0.4705882       53.0           
reflector                           65.0            7.0             0.21052635      0.18367344      49.0           
relay                               0.0             59.0            1.0731707       0.517647        85.0           
rephaser                            29.0            0.0             0.28571427      0.22222221      24.0           
reverse fuse                        146.0           0.0             0.5             0.5             34.0           
revolver                            0.0             1.0             0.0             0.0             32.0           
ring of fire                        0.0             1.0             0.0             0.0             158.0          
roteightor                          0.0             7.0             0.11428571      0.1025641       39.0           
rumbling river                      0.0             2.0             0.063157916     0.059405923     202.0          
s-pentomino                         5.0             0.0             0.20000005      1.0             6.0            
sailboat                            0.0             15.0            0.19354844      0.15972221      148.0          
schick engine                       87.0            1.0             0.6666666       0.625           58.0           
scorpion                            0.0             0.0             0.0             0.0             16.0           
scrubber                            0.0             1.0             0.1428572       0.125           32.0           
seal                                201.0           1.0             0.30434787      0.24615383      184.0          
sesquihat                           0.0             0.0             0.0             0.0             13.0           
shillelagh                          0.0             0.0             0.0             0.0             8.0            
ship                                0.0             0.0             0.0             0.0             6.0            
ship in a bottle                    0.0             15.0            0.25531912      0.3174603       126.0          
ship tie boat                       0.0             0.0             0.0             0.0             11.0           
ship-tie                            0.0             0.0             0.0             0.0             12.0           
short keys                          0.0             2.0             0.375           0.18181819      22.0           
side                                6.0             0.0             0.39999998      0.22222221      9.0            
sidecar                             19.0            0.0             0.375           1.0             34.0           
sidewalk                            0.0             0.0             0.0             0.0             14.0           
siesta                              0.0             4.0             0.03999996      0.107142866     56.0           
silver's p5                         0.0             4.0             0.17647064      0.10526317      21.0           
singular flip flop                  0.0             1.0             0.0             0.0             15.0           
six ls                              0.0             2.0             0.08333337      0.07692307      26.0           
sixty-nine                          0.0             3.0             0.0             0.0             69.0           
skewed quad                         0.0             1.0             0.0             0.0             16.0           
skewed traffic light                0.0             2.0             0.1428572       0.125           80.0           
slide gun                           84.0            0.0             0.26315784      0.2962963       32.0           
small lake                          0.0             0.0             0.0             0.0             20.0           
smiley                              0.0             7.0             0.2941177       0.2916667       24.0           
snacker                             426.0           1.0             0.559322        0.35483873      258.0          
snail                               140.0           1.0             0.22222221      0.25            152.0          
snake                               0.0             0.0             0.0             0.0             6.0            
snake bridge snake                  0.0             0.0             0.0             0.0             12.0           
snake dance                         0.0             2.0             0.125           0.111111104     36.0           
snake pit                           156.0           1.0             0.34782612      0.2903226       92.0           
snake siamese snake                 0.0             0.0             0.0             0.0             10.0           
sombreros                           0.0             5.0             0.03999996      0.13793105      58.0           
space rake                          111.0           0.0             0.25373137      0.2982456       84.0           
spacefiller                         663.0           1.0             0.26666665      0.2631579       849.0          
spaceship                           210.0           0.0             0.38461542      0.2777778       106.0          
spark coil                          0.0             1.0             0.111111164     0.100000024     20.0           
sparky                              110.0           0.0             0.25            0.2777778       117.0          
spider                              108.0           0.0             0.41666663      0.38235295      76.0           
spiral                              0.0             0.0             0.0             0.0             20.0           
squaredance                         4.0             0.0             0.0             1.0             16.0           
stairstep hexomino                  16.0            0.0             0.33333337      0.4285714       24.0           
star                                0.0             2.0             0.28571427      0.3333333       36.0           
still life                          0.0             0.0             0.0             0.0             66.0           
still life tagalong                 382.0           0.0             0.44000006      0.3333333       163.0          
stillater                           0.0             2.0             0.045454502     0.08333331      24.0           
superfountain                       0.0             3.0             0.20388353      0.16935486      124.0          
superstring                         70.0            1.0             0.16393447      0.14736843      159.0          
surprise                            0.0             2.0             0.111111164     0.100000024     40.0           
swan                                118.0           0.0             0.46428573      0.4166667       60.0           
switch engine                       40.0            0.0             0.41666663      0.5294118       35.0           
t-nosed p4                          0.0             3.0             0.19354844      0.13513511      37.0           
t-nosed p6                          0.0             5.0             0.30434787      0.3             60.0           
t-pentomino                         1.0             19.0            0.75            0.38461536      19.0           
t-tetromino                         15.0            0.0             0.75            1.0             19.0           
table                               13.0            0.0             1.0             1.0             16.0           
table on table                      0.0             0.0             0.0             0.0             12.0           
teardrop                            8.0             0.0             0.5             1.0             18.0           
technician                          0.0             4.0             0.060606003     0.08333331      36.0           
test tube baby                      0.0             1.0             0.1428572       0.125           16.0           
tetromino                           9.0             1.0             0.35000002      0.19047618      42.0           
the phoenix                         0.0             1.0             0.0             0.0             12.0           
thumb                               0.0             35.0            0.055555582     0.087499976     80.0           
thunderbird                         26.0            0.0             0.46153843      1.0             23.0           
time bomb                           174.0           0.0             0.46153843      0.43421054      90.0           
titanic toroidal traveler           15.0            0.0             0.4666667       0.45454544      22.0           
toad                                0.0             1.0             0.0             0.0             6.0            
toad-flipper                        0.0             59.0            1.0476191       0.5116279       86.0           
toad-sucker                         0.0             59.0            1.0476191       0.5116279       86.0           
toaster                             0.0             4.0             0.20689654      0.19999999      70.0           
total aperiodic                     749.0           1.0             0.15686274      0.17391306      345.0          
tractor beam                        54.0            0.0             0.39999998      0.45454544      73.0           
traffic circle                      0.0             99.0            0.17999995      0.14782608      236.0          
traffic jam                         25.0            1.0             0.6666666       0.47619045      64.0           
traffic light                       0.0             1.0             0.0             0.0             12.0           
trans-beacon on table               0.0             1.0             0.16666663      0.14285713      14.0           
trans-boat with tail                0.0             0.0             0.0             0.0             9.0            
trans-loaf with tail                0.0             0.0             0.0             0.0             11.0           
transparent block reaction          87.0            1.0             0.36842108      0.26923078      41.0           
trice tongs                         0.0             2.0             0.11764705      0.15789473      19.0           
triple caterer                      0.0             2.0             0.14583337      0.19999999      55.0           
triplet                             2.0             1.0             0.0             0.4166667       15.0           
tripole                             0.0             1.0             0.0             0.0             9.0            
tritoad                             0.0             2.0             0.0333333       0.032258093     62.0           
true                                72.0            43.0            0.13559318      0.15652174      174.0          
tub                                 0.0             0.0             0.0             0.0             4.0            
tub with tail                       0.0             0.0             0.0             0.0             8.0            
tubber                              0.0             2.0             0.08333337      0.07692307      52.0           
tubeater                            140.0           1.0             0.32692313      0.375           95.0           
tubstretcher                        139.0           1.0             0.42105258      0.3448276       74.0           
tumbler                             0.0             13.0            0.22222221      0.18181819      22.0           
tumbling t-tetson                   0.0             7.0             0.41176474      0.19047618      48.0           
turning toads                       0.0             3.0             0.0             0.0             83.0           
turtle                              33.0            0.0             0.71428573      1.0             56.0           
twin bees shuttle                   0.0             45.0            0.31578946      0.2948718       94.0           
twinhat                             0.0             0.0             0.0             0.0             17.0           
twirling t-tetsons ii               0.0             59.0            0.22222221      0.19318181      88.0           
two eaters                          0.0             2.0             0.1428572       0.125           16.0           
two pulsar quadrants                0.0             2.0             0.22222221      0.100000024     22.0           
u-pentomino                         4.0             0.0             0.0             1.0             5.0            
unix                                0.0             5.0             0.33333337      0.3333333       24.0           
v-pentomino                         3.0             0.0             0.39999998      0.0             7.0            
very long house                     6.0             0.0             0.33333337      0.19999999      16.0           
w-pentomino                         2.0             0.0             0.39999998      0.0             7.0            
washerwoman                         208.0           1.0             0.2205882       0.2153846       195.0          
washing machine                     0.0             1.0             0.0             0.0             24.0           
wasp                                64.0            1.0             0.375           0.3888889       53.0           
wavefront                           0.0             3.0             0.055555582     0.100000024     40.0           
weekender                           50.0            0.0             0.27272725      1.0             56.0           
why not                             0.0             1.0             0.07142854      0.06666666      15.0           
wickstretcher                       679.0           5.0             0.29285717      0.21714288      386.0          
windmill                            0.0             3.0             0.03571427      0.034482777     58.0           
wing                                15.0            0.0             0.6153846       0.38461536      21.0           
worker bee                          0.0             8.0             0.31578946      0.27999997      50.0           
x-pentomino                         8.0             0.0             0.6666666       1.0             20.0           
x66                                 26.0            0.0             0.20000005      1.0             38.0           
y-pentomino                         3.0             0.0             0.39999998      1.0             7.0            
z-hexomino                          17.0            0.0             0.39999998      0.28571427      14.0           
z-pentomino                         3.0             0.0             0.0             1.0             5.0            
Next is the required output, can have duplicate
|gliderless|
|factory|
|pentadecathlon|glider synthesis|
|teardrop|z-pentomino|glider synthesis|f-heptomino|x66|table|houndstooth agar|phi|weekender|x-pentomino|multum in parvo|turtle|pi ship|cover|dock|u-pentomino|s-pentomino|bun|y-pentomino|bullet heptomino|dart|sidecar|t-tetromino|brain|p-pentomino|herschel|hwss|r-pentomino|thunderbird|octomino|cap|squaredance|
|spacefiller|
